111111111111111111111111111111111111111111111111111111111111
100000000010000000000000000000000000000000000000000002000001
100000000010000000000000000000000000000000000000000002000001
100000000010000000000000000000000000000000000000000002000401
100000000010000000000000000000000000000000000000000002000001
100000000010000011111000000000000000000000000000000002222221
100000000000000000000222222222200000000000000000000000000001
100000000000000000000222222222200000000000000000000030000001
100000000000000000000000000000000000000000000000000000000001
100000000000000000000000000000000000000000000000000000000001
100000000000000000000000000000000000000000000000000000000001
100000000000000000000000000000000000000000000000222111100001
100000000000000000000000000000000000000000001111222000000001
100000000000000000000000000000000000000000000000000000000001
100000000000000000000000000000000000000000000000000000000001
100000000022222222220000000000000000000000000000000000000001
100000000000000000000000000000000000000000000000000000000001
100000000000000000000000000000000000000000000000000000000001
100000000000000000000000000000000000000000000000000000000001
100000000000000000000000000000000000000000000000000000000001
100000000000000000000000022222222220000000000000000000000001
100000000000000000000000020000000020000000000000000000000001
100000000000000000000000020000000020000000000000000000000001
100000000000000000000000020000000020000000000000000000000001
100000000000000000000000022222222220000000000000000000000001
100000000000000000000000000000000000000000000000000000000001
100000000000000000000000000000000000000000000000000000000001
100000000000000000000000000000000000000000000000000000000001
122222200000000000000000000000000000000000000000000000000001
100000200000000000000000000000000000000000000000000000000001
100000200000000000000000000000000000000000000000000000000001
104000200000000000000000000000000000000000000000000000000001
100000200000000000000000000000000000000000000000000000000001
122222200000000000000000000000000000000000000000000000000001
100000000000000000000000000000000000000222222222200000000001
100000000000000000000000000000000000000000000000000000000001
100000000000000000000000000000000000000000000000000000000001
100000000022211110000000000000000000000000000000000000000001
100001111122200000000000000000000000000000000000000000000001
100000000000000000000000000000000000000000000000000000000001
100000000000000000000000000000000000000000000000000000000001
100000000000000000000000000000000000000000000000000000000001
100000030000000000000000000002222222222000000000000000000001
100000000000000000000000000002222222222000000000000000000001
100000000000000000000000000000000000000111110000010000000001
100000000000000000000000000000000000000000000000010000000001
100000000000000000000000000000000000000000000000010000000001
100000000000000000000000000000000000000000000000010000000001
100000000000000000000000000000000000000000000000010000000001
111111111111111111111111111111111111111111111111111111111111